-1.7445    0.452582
-2.04975    2.06439
-2.11109    0.214206
-1.59151    -0.941676
-3.1672    0.0122556
-2.2603    0.603819
-2.18672    -0.787076
-1.19842    -1.02303
-2.41373    -0.277751
-1.31701    -0.660192
-1.97778    0.488345
-3.75153    0.288136
-3.05533    -0.987734
-1.96169    0.563876
-1.75703    0.388636
-3.04069    -1.54143
-1.49015    -1.58962
-1.62396    0.0168821
-1.47291    1.02628
-1.49064    -0.777288
-4.09475    0.00971155
-1.88642    0.360619
-1.61954    -0.462307
-2.60458    -0.876363
-2.03547    0.325059
-3.87227    -0.955731
-2.37419    0.775001
-1.3051    1.31506
-2.29251    -0.71704
-1.47139    0.159489
-2.85195    -0.190799
-1.9308    0.751926
-1.20015    0.769586
-4.28925    1.01804
-0.59188    -0.176809
-1.58181    -0.246134
-1.47469    1.77945
-2.81039    1.22126
-2.70256    1.30085
-2.32253    0.209268
-0.695235    -0.420037
-2.0728    -0.132385
-2.38887    0.084921
-2.90084    0.53057
-1.32471    1.16866
-0.854881    -0.464358
-2.09961    -0.458296
-2.07479    0.261823
-0.860431    -0.869025
-1.92216    -0.211616
-2.83837    -1.69107
-3.99447    -0.345065
-3.1186    0.879389
-0.548861    -0.728853
-2.08157    -0.831974
-2.81187    0.461731
-1.12277    -2.27789
-3.07124    0.400607
-1.80229    0.601462
-1.46561    0.479961
-2.5724    0.0229062
-2.07438    -0.49048
-1.687    -0.338694
-1.95924    0.954765
-3.27585    -2.16576
-2.78012    -1.19086
-2.56276    0.327643
-1.56533    0.407509
-2.02862    -0.0142159
-1.89731    -0.238386
-3.85407    1.49256
-2.59978    0.571924
-1.81441    -0.351029
-2.34026    -0.293658
-3.97556    1.75163
-3.22687    0.407916
-1.26252    -1.70316
-1.29145    -1.23518
-2.84002    0.198018
-0.463642    0.318192
-3.25245    -0.07458
-1.08322    0.871865
-0.221281    -0.776427
-2.28115    0.162651
-1.19357    1.2268
0.182812    1.20499
-3.38248    0.323962
-2.61457    -0.482856
-2.98437    -0.735174
-4.56668    0.327736
-0.967165    0.286415
-3.81433    -0.420498
-4.59081    0.0161207
-3.20195    -0.718267
-2.51074    0.270613
-1.19377    1.16192
-2.91186    -0.953865
-0.815219    -0.511839
-0.931367    -1.202
-2.66086    -0.503489
-2.28731    0.712796
-1.50525    -0.301893
-3.60265    0.543548
-3.07186    1.64311
-0.148136    1.24818
0.0305258    0.0316254
-3.37556    0.325938
-1.51533    -0.428936
-1.33582    -1.14772
-1.90807    -0.591516
-1.67925    2.62001
-1.32774    0.0777352
-0.418355    1.46045
0.134012    -0.216951
-2.22416    0.631382
-2.93978    0.154392
-2.58137    1.39162
-3.21716    -0.740051
-1.27971    0.683073
-2.59406    0.0710879
-1.42509    -0.145803
-1.38956    -1.37971
-0.124136    -0.195745
-2.10462    -0.626914
-1.66033    -0.149657
-1.9191    -0.531808
-2.24926    -0.297787
-3.04723    0.257091
-0.00987289    -0.890816
-1.47589    -0.652963
-1.36987    -2.22632
-3.04001    1.35045
-2.01384    0.547103
-3.08444    -0.336076
-1.58956    1.31157
-1.90273    0.491415
-1.69517    -0.961492
-1.50813    -0.666786
-2.17284    0.220303
-2.61705    -0.294744
-2.32161    0.991982
-2.14731    -0.550064
-4.09546    -0.012593
-2.63071    -0.0207919
-2.39273    0.458557
-0.426645    -0.195878
-1.25272    0.330975
-1.21712    -2.95004
-1.39699    -1.48821
-1.34744    1.74585
-1.69393    -0.668684
-2.2521    -0.789521
-3.40337    -0.976928
-1.60805    0.823196
-0.346515    -0.283548
-2.97359    -0.0931778
-2.07165    0.035376
-3.55031    0.52904
-3.19312    0.193321
-2.37991    -0.546986
-2.66037    -0.731809
-1.58982    -0.930257
-2.90689    1.60639
-2.38658    1.09051
-0.810457    -1.04564
0.0884474    0.690205
-1.79495    -0.0025935
-2.97603    -1.32982
-1.93557    1.672
-0.530577    -1.02523
-2.87985    1.53249
-2.3953    0.941924
0.361595    -1.14589
-3.5952    -0.454448
-3.19994    -0.95445
-1.65125    -0.322908
-2.8858    0.275274
-1.84465    1.3347
-1.63456    -0.473898
-2.49996    0.0753093
-3.0637    -0.894128
-2.14406    -1.01277
-1.20883    -1.06475
-3.00175    -0.50625
-1.32459    0.351527
-0.594906    0.0951264
-3.54453    0.195264
-2.59947    -0.037161
-1.65417    0.889692
-3.54176    -1.2481
-1.37609    -0.519037
-1.80279    0.411068
-3.5438    0.792547
-1.6026    -1.68533
-3.00122    0.208145
-2.77658    1.48037
-2.24772    0.306259
-2.12498    1.26283
-1.91902    -0.225301
-1.3756    0.24259
-1.64572    -0.287018
-3.14177    -0.974881
-2.60544    2.3147
-2.45995    0.0161403
-1.78958    0.322203
-2.75178    -0.330273
-2.32393    1.94093
-0.771873    -0.868507
-2.93525    1.36847
-1.29331    -1.78305
-2.76894    -0.734059
-1.1625    -0.70647
-1.96079    -0.0629277
-2.13727    -0.00457925
-1.17566    -0.289524
-0.779083    0.725644
-1.50578    0.162008
-2.49824    -0.13912
-1.39779    -0.0517549
-3.34698    -0.184145
-1.41186    -0.705401
-2.20185    0.437424
-1.64115    0.058032
-1.27878    -0.202514
-2.84642    -1.99591
-3.07405    -0.313903
-2.10231    0.414326
-3.56819    -0.136276
-3.80883    1.29843
-2.00433    1.04257
-2.43429    0.00539099
-1.15191    0.838932
-3.09144    -0.155272
-4.23249    0.731179
-3.33705    -0.0945544
-2.96377    -0.673093
-0.887347    0.518316
-1.85607    0.461229
-3.38199    0.585978
-2.10716    1.93913
-0.182577    0.952705
-0.655987    1.05032
-2.43183    1.08065
-1.6473    0.286527
-1.8546    -0.281992
-2.89621    0.221487
-1.843    0.722503
-1.99392    -0.0752275
-1.04525    0.753211
-2.54242    0.692895
-3.5353    -0.147424
-1.5911    0.0407264
-4.6032    -2.83973
-0.902943    -0.0260014
-2.39375    -0.740752
-0.964335    -1.622
-3.08579    -1.66024
-1.89564    -0.627158
-2.20169    -1.17585
-0.485016    -0.542697
-1.32053    -0.486578
-3.01318    1.27177
-2.43524    0.462491
-2.92715    0.776675
-1.40647    -0.183549
-3.69571    -0.254519
-2.46403    -1.05727
-2.28702    0.296357
-1.95419    -0.598106
-2.12672    -1.87063
-0.292634    0.337379
-2.75717    0.214099
-2.02099    0.0953392
-0.686425    0.918869
-0.997085    -1.5115
-2.88622    0.210962
-1.18037    1.18711
-0.645073    -2.2241
-3.7188    -1.71552
-3.07674    -0.0894857
-1.46772    0.0518887
-0.764536    -0.245537
-1.78428    -0.669284
-2.69761    -0.997059
-2.24887    0.99096
-2.34189    -0.226104
-2.58138    -0.236688
-2.02179    -1.57731
-1.69786    -2.5751
-2.43638    0.248341
-1.92558    0.207036
-0.375606    -0.842951
-2.77163    0.576748
-1.36689    1.36864
-2.88183    -0.0838285
-2.08405    -0.71994
-1.077    -1.67048
-3.00842    0.798157
-2.52757    0.802717
-2.44941    -0.871327
-2.29955    -0.191315
-1.39152    -0.334937
-2.73116    0.519591
-1.19556    1.70254
-0.386925    3.09797
-1.89554    0.152908
-2.84655    -0.274524
-1.90501    0.350301
-3.16009    -0.748094
-2.13683    0.61495
-0.805196    -0.0859616
-0.0185977    -0.815209
-1.75545    -1.80351
-0.455092    -1.04173
-2.09188    -0.942591
-1.20059    -1.71945
-2.58944    -0.751234
-2.17586    -1.24491
-1.94786    0.595956
-1.52122    -0.358605
-1.78878    -1.15443
-3.89005    -0.325228
-0.991513    -0.52683
-2.13024    -1.61316
-2.19501    0.215708
-2.59998    0.194235
0.602261    1.59312
-2.41554    0.0290158
-2.73451    -0.765225
-0.640935    0.922351
-1.31499    -0.42761
-1.58089    -0.147309
-2.75193    0.925039
-2.82879    -1.63215
-4.18376    -2.72185
-1.0343    1.58728
-1.69678    0.344076
-2.23037    -0.856945
-1.30413    -0.494765
-2.33806    0.784285
-2.57423    0.165513
-2.8108    0.217177
-2.41285    -0.145013
-2.74053    0.609228
-1.69444    0.287107
-0.570804    -0.869649
-2.53239    0.446069
-1.10358    -0.185648
-2.34776    -0.615456
-3.01882    1.49113
-1.0999    -0.365045
-1.33578    0.55606
-2.80085    -1.46035
-2.13968    -1.05591
-0.25146    0.541878
-1.68381    -0.601674
-0.946116    2.27561
-0.734495    0.000746328
-2.57967    0.424667
-1.37072    1.31631
-1.08802    -0.195449
-3.69249    1.95805
-0.717418    -0.103811
-2.95042    0.459617
-2.17076    0.290082
-2.72404    -1.77151
-2.82    -1.99446
-2.60542    0.80798
-3.49874    -0.142429
-2.85761    -0.487684
-1.32837    -1.618
-2.71464    -0.661848
-1.6659    1.39546
-1.03156    -1.18234
-2.99398    -0.742087
-2.43796    -0.934526
-0.980715    1.94451
-1.67214    0.972806
-2.86463    -0.0034148
-2.37162    0.559458
-1.61243    -0.0876289
-0.474704    -0.958566
-1.26171    0.534156
-2.90632    -0.258952
-2.10723    0.30861
-2.81542    0.728306
-3.3832    -0.226458
-1.51782    -1.93452
-2.48456    -0.0745477
-2.72008    -0.570885
-2.5456    -0.109409
-1.54627    -0.385503
-2.53224    0.00231096
-1.17366    -0.382922
-3.96238    -0.380155
-2.19815    -0.417559
-1.74308    -0.621727
-1.57636    -0.154925
-2.9574    0.516757
-2.62668    0.457057
-1.39129    0.0623191
-2.03089    -1.87588
-3.4755    0.0700207
-1.91784    0.649616
-0.737309    0.416986
-0.859866    -0.789412
-3.21499    0.196116
-3.26194    1.8933
-3.15456    -0.139398
-2.28143    0.936472
-1.84486    0.0593006
0.211054    1.57312
-0.464238    -2.26434
-1.56544    -1.99974
-2.08098    0.317752
-3.40735    0.100553
-1.71633    0.938397
-2.50939    -0.0151901
-3.1649    -0.659023
-0.929559    -0.248841
-1.87269    0.529497
-1.9133    0.0735038
-2.77071    0.34509
-1.71043    0.493396
-2.41534    -0.551928
-2.72718    -0.885455
-1.69121    0.317491
-1.63794    0.083414
-0.686764    1.31476
-2.37482    -0.188257
-2.29638    -0.351004
-4.53356    1.99597
-1.85199    -0.302666
-0.800897    1.67687
-1.51168    -0.477807
-0.405596    -0.0415176
-2.26557    -0.515845
-2.7328    0.273222
-4.00775    0.804467
-1.42734    -0.478416
-2.75387    1.65837
-2.65952    0.375225
-1.73358    -1.03411
-1.55822    -0.0128127
0.511593    0.45711
-1.15813    0.474315
-0.214786    1.08765
-0.685105    1.22664
-3.70638    0.522855
-2.58868    0.990784
-0.773451    -0.392304
-3.05845    -0.860104
-2.796    -0.98813
-1.19719    -0.342754
-3.13227    0.041447
-1.48398    2.87858
-3.13148    -1.05233
-0.140786    1.48364
-3.52332    -1.03227
-1.24193    0.186482
0.156006    -0.500775
-2.17557    1.21584
-1.77232    0.80151
-0.853818    -0.714998
-1.59788    0.0980535
-1.53    0.226905
-2.08202    0.313741
-1.89336    0.345112
-1.30234    -1.09228
-1.39356    0.730787
-3.17783    -0.0171913
0.142645    0.83172
-3.14827    -0.155666
-4.04021    1.45802
-1.07484    1.29241
-3.00881    -0.986744
-2.61698    -0.646445
-2.70156    -1.15596
-1.22114    -0.498426
-2.60141    -0.953806
-1.70959    0.322522
-2.3316    -0.187026
-0.440914    0.813504
-2.55787    -0.136777
-4.93183    0.237755
-1.37287    1.33931
-2.35953    0.00696634
-3.36438    -0.969614
-0.230222    -1.31433
-0.72187    1.91069
-0.958696    0.208705
-2.92887    -0.600136
-2.41712    0.16028
-1.5035    -0.544347
-1.08032    0.828178
-2.09175    1.24172
-2.55098    0.0199429
-1.09664    1.23079
-0.661384    -0.302551
-4.32429    -0.436209
-0.161051    0.9101
-2.86012    -0.0743616
-1.01956    0.876584
0.447198    -1.52614
-2.43949    -0.272456
-1.1673    -0.0635332
-4.03648    -2.19416
-1.09954    0.770215
-1.75204    -0.834239
-2.45478    -0.0747413
-1.82853    0.814365
-1.14974    1.96376
-2.3224    0.161941
-2.33712    -0.758891
-2.14265    1.05755
-2.42738    1.61096
-0.787314    0.677669
-3.92636    0.250034
-3.39178    -1.06176
-2.43615    -0.90724
-2.84054    0.753753
-0.754598    -0.528317
-1.73307    -0.367724
-1.59779    -0.96147
-1.26392    -0.421516
-1.28816    0.231123
-2.79001    -0.285616
-3.32663    -0.0840362
-3.5415    -1.80409
-0.679355    1.44041
-1.43928    0.985091
-1.50342    -0.240682
-2.55341    0.594242
-1.9677    1.93525
-3.20503    -0.815043
-2.74677    -1.02152
-2.09202    0.640048
-3.76508    0.134877
-0.823893    -0.361971
-1.31803    1.13759
-4.17457    -0.0747317
-1.33878    1.15778
-3.65302    -0.38855
-0.618785    0.587674
-1.86914    0.434623
-2.55482    1.0151
-2.00121    -1.50403
-1.97003    -0.379713
-3.16983    -1.31121
-1.21106    -1.37811
-3.83097    1.05082
-1.40932    -0.594614
-0.0053378    -1.27104
-1.23024    -0.733375
-2.58073    -0.632396
-1.51631    -1.82566
-2.20297    0.805247
-1.62697    -0.231033
-2.90767    -2.06708
-1.53089    -1.33386
-0.874343    0.709711
-0.59503    0.180749
-2.29534    0.86043
-1.29203    -0.0614954
-2.54812    -1.82136
-2.70229    1.18349
0.564561    0.129053
-2.99129    -1.01806
-3.61758    0.393451
-1.97364    -0.830525
-0.934032    -0.622291
-2.48648    -0.510768
-1.29193    -2.36551
-1.93133    -1.22666
-1.89669    -0.998903
-0.798465    0.128068
-2.24268    1.12093
-2.00452    -0.914642
-2.09627    -0.998881
-2.38127    2.60539
-1.21413    -1.30269
-0.571281    -0.456701
0.33909    1.05616
-1.94236    1.21719
-1.98923    -1.24216
-3.6936    -0.182851
-1.78146    0.323128
-2.56204    -0.395986
-2.5947    0.172559
-2.1669    1.64625
-2.88552    -1.33348
-3.08324    1.74294
-4.62888    2.89056
-3.34206    -0.79385
-4.00987    0.96575
-2.15866    -2.02
-1.09225    -1.55006
-1.33074    2.12874
-1.05827    -0.0720797
-2.29242    0.0360916
2.29108    -0.693995
2.10675    -0.779068
1.53867    -0.342772
2.24219    -0.175978
1.52033    0.244655
2.0956    -0.102921
1.78599    -0.303827
1.76259    -0.180309
2.10249    -0.107272
1.67863    -0.20023
2.32596    -0.0132904
2.03377    0.047943
2.12397    0.151375
2.34381    -0.0605211
1.71498    0.208728
2.19488    -0.218524
2.43948    0.0483247
2.26805    0.341366
1.73733    0.238697
1.47252    -0.242369
2.02125    -0.3273
2.17385    0.00616919
1.90477    -0.102763
2.28342    0.212612
1.75016    -0.44333
2.62006    -0.149224
2.08483    -0.0708762
2.14941    0.36473
2.28669    0.324499
2.48422    0.0967688
