5.19535    -0.391847
2.12696    -0.348876
3.25733    -0.306237
-5.04634    -0.206221
-4.42945    0.635461
3.56088    0.383481
-0.502393    -0.595376
-0.975066    -0.00275235
-1.52159    0.110481
-3.39764    -0.227437
-4.45392    0.457165
1.3125    0.944974
-6.8195    -0.776447
2.42908    -0.565252
0.77735    0.397701
0.634684    -0.134587
1.69683    0.890667
5.23733    -0.167104
2.60606    -0.261633
-3.1438    -0.934189
-1.07334    0.155034
11.9589    0.850293
-0.568148    -0.119589
4.93256    1.10876
4.79478    -0.317708
-4.90144    -0.175069
-1.34805    -0.244617
3.01716    0.684008
1.566    -0.434184
6.83985    -0.382421
1.7551    0.256899
-1.3806    0.664977
4.55482    0.213179
-1.15917    0.617807
0.283958    -0.656277
-4.6163    0.763765
3.35502    0.834002
1.65703    -0.62321
0.705568    -0.536664
2.52731    -1.23301
-3.30681    0.316803
3.97937    0.30061
-7.08821    0.0327207
-0.265818    0.579879
-2.48737    0.192284
-4.3295    0.192944
-1.89973    -0.279111
1.61207    0.388958
-3.56107    -0.583565
2.17767    -0.742729
-1.28681    0.662549
0.26818    0.785259
3.26437    -0.0110481
0.534662    0.352492
-4.94131    -1.14807
-6.53028    0.010802
3.26322    -0.814315
1.18524    -0.096573
-2.51215    0.00924573
0.365188    0.0585544
1.06798    0.284703
5.61055    -0.0370595
-2.01957    -0.0831964
1.85021    0.108195
-0.592603    -0.96109
-5.45519    -0.315065
-0.636926    1.16079
8.97855    -0.883369
-6.92651    -0.169334
4.65711    0.338762
3.63184    0.588771
-3.48136    0.265099
-2.8902    -0.454853
-1.09434    0.352926
2.43339    -0.58064
1.42708    -0.749549
-0.0682091    0.416478
1.75395    -0.0166401
9.57816    0.134605
3.74411    -0.289029
-8.59621    0.584495
-1.08159    0.0528145
0.382997    -0.0086181
-2.26122    -0.304128
4.2835    -0.288332
3.75279    0.260256
3.18784    0.14608
-0.468237    -0.0676973
2.64248    -0.509661
8.95212    0.189294
3.24603    -0.543099
6.849    -0.407035
-1.3796    -1.00559
-7.07773    -0.580845
-2.43397    0.137354
2.55779    0.43794
-3.36146    -0.421352
4.1416    0.502045
0.00716418    -0.266174
-2.1459    -0.319381
0.617111    0.884102
-0.353078    -3.10551
-0.959244    2.00603
-0.237529    3.00253
0.108322    1.98204
0.203389    0.199699
-0.0673969    4.13892
0.225581    6.63372
0.616059    -3.40223
0.756157    2.31646
-0.359742    -2.31653
0.0501816    -2.68874
-0.898667    -1.99111
-0.915629    -0.586831
0.00584188    0.0724344
0.201171    2.22456
0.278911    -1.25545
-0.727861    0.125459
-0.833571    -2.68522
-0.727537    -0.0255315
-0.236712    2.08847
-1.20701    4.62995
0.155101    -1.10833
-0.067107    -2.04036
0.302617    0.721062
-0.035339    2.28341
0.845687    -4.16434
-0.917932    2.109
0.34964    0.213404
0.11689    2.18419
-0.0639221    9.66053
-0.274194    -3.94179
0.874149    5.46787
0.356554    -8.61938
0.28576    -0.477274
0.225577    5.42594
0.490696    2.817
0.744885    3.56895
0.587427    1.05718
-0.110362    2.42457
0.952718    2.50889
-1.2557    2.62793
0.0451744    2.42999
0.146154    -8.04138
0.758726    4.94766
-0.155993    0.791167
0.00689503    -0.133924
0.293065    3.2239
0.176175    -4.38442
-0.0510688    8.86065
0.574479    2.54158
1.35484    4.50973
0.486145    1.41453
-0.060357    3.80448
0.656018    2.54048
0.380971    -3.78285
-0.00791767    5.23738
0.0717671    -2.4735
-0.290192    4.79762
-0.47429    -1.5208
-0.581614    -2.98434
0.00197334    -1.58422
-0.0913642    -0.197595
-0.302795    0.641021
0.512085    8.4221
0.484546    0.308777
-0.00169065    4.12904
0.858891    2.20927
-0.28882    1.00779
0.534845    -3.23896
2.27088    6.71753
-0.312773    2.15135
-0.076608    -5.18023
-0.207115    -1.31909
-0.601249    0.379434
0.455783    -4.33524
-0.0227331    1.2534
0.0696903    -0.458549
1.01913    -0.109436
0.202343    -5.13963
-0.788325    -10.3979
0.514309    3.23595
-0.772509    -1.8663
-0.323652    1.77512
0.123261    4.17559
0.457831    0.654587
-1.21574    3.19008
0.113122    -1.80489
0.185115    -0.722299
0.00419263    -3.76498
0.255905    -5.61909
0.0208564    7.43046
-0.338649    6.01432
-0.0974988    4.89924
0.29376    -4.57965
0.27965    4.28975
-0.248635    -0.443749
0.121495    1.39106
0.273882    -4.97671
-0.582339    3.96987
4.95398    4.74561
4.75336    5.62621
4.74542    3.45939
4.81548    3.4362
4.34843    5.2998
5.12179    4.15107
5.66745    6.20249
4.9344    6.09604
4.07094    4.40689
5.25731    4.12429
6.57565    6.41554
5.37192    5.93857
4.37165    5.21496
5.59921    5.34737
6.96792    5.01293
2.94464    4.99524
5.22177    4.64538
4.60916    4.96511
6.01564    4.81035
6.58752    5.85574
4.57317    4.37552
6.78916    4.83197
4.77734    1.79493
5.39022    4.25374
6.93869    5.61
5.30909    5.10247
7.24405    4.31448
4.74586    4.07827
5.20696    4.8947
7.24004    5.15782
5.15116    6.91216
5.30952    5.8457
5.55602    4.82615
5.57078    4.17655
3.12309    4.86424
7.17789    6.36652
4.85281    5.73505
6.54025    6.80307
4.98337    4.75386
5.22209    3.92494
2.51379    5.81652
5.40931    4.50971
4.10432    6.04385
6.36107    4.82959
4.31198    5.11197
6.18813    5.67239
5.80626    5.75843
6.27031    4.06158
4.70466    6.14154
5.86638    4.95789
4.30425    5.94917
6.99675    5.25978
5.73738    5.07978
4.91282    5.5898
3.48699    3.86995
4.35681    4.41064
6.18078    6.14513
3.73521    5.01956
5.54716    5.50239
4.43126    6.03338
5.724    4.61328
3.98916    4.46184
5.15614    5.71701
3.70459    6.25757
4.80175    5.29173
5.26242    5.14065
4.65341    4.67225
5.29529    4.5575
4.72235    3.8401
3.96506    6.90083
2.90733    4.56489
5.83193    5.57224
5.08827    6.80846
3.37612    4.75686
4.14655    5.66375
5.64825    4.41768
5.11974    5.73434
4.55818    5.96933
4.30921    4.5524
5.89231    3.92334
5.27007    6.03827
4.87007    3.91167
4.78566    3.86555
3.48284    4.9574
4.408    3.6124
7.16074    5.03836
6.97396    4.15144
6.17467    6.04731
5.70704    4.58403
3.06016    4.90606
4.86421    5.80477
3.89635    5.33945
3.78568    4.64415
6.03744    4.7424
6.00999    5.71536
3.67002    7.27994
4.12115    4.6391
3.32121    3.88833
3.87897    5.4694
4.43828    5.20825
